0,0,0,0,0,0,0,0,0,0 5000
0,0,0,0,0,2,0,2,0,1 4770
0,0,0,0,1,1,2,5,4,7 4530
0,0,0,0,5,3,6,2,0,1 6650
0,0,2,0,6,5,4,2,0,0 10000
0,0,0,0,1,2,2,2,5,1 5500
0,0,0,0,0,0,5,2,15,12 5440
0,0,0,1,1,1,4,4,6,6 5340
0,0,0,0,0,0,0,0,0,0 5090
0,0,0,2,2,3,1,3,1,3 0
0,0,0,0,0,5,0,7,20,6 4660
1,0,0,2,0,0,0,0,0,0 10000
2,0,0,2,0,0,0,0,0,0 10000
0,0,1,0,4,3,4,1,0,0 10000
5,3,1,0,0,0,0,0,0,0 10000
0,0,0,0,0,0,0,1,11,14 5030
0,0,0,0,0,0,2,2,10,11 4980
0,0,1,0,0,0,4,1,5,7 10000
0,0,0,1,2,5,2,1,1,0 5299
0,2,1,0,0,0,0,0,0,0 0
0,0,2,3,2,0,0,0,0,0 10000
0,0,0,2,3,1,2,2,1,2 0
0,1,4,0,2,0,0,0,0,0 10000
0,4,3,5,1,1,0,0,0,0 0
0,1,0,0,0,0,0,0,0,0 0
0,0,0,0,0,0,1,2,9,13 4970
3,1,2,2,1,1,0,0,0,0 0
0,0,0,0,0,0,0,0,0,0 5299
1,1,3,1,4,3,1,0,0,1 10000
0,0,0,0,1,1,7,4,4,18 4660
0,0,1,2,1,0,2,5,1,1 10000
2,0,0,0,0,0,0,0,0,0 10000
0,0,0,0,1,0,7,8,9,2 5280
0,0,0,0,1,1,4,5,6,7 4900
0,0,0,0,2,0,4,2,14,14 6710
0,0,0,0,1,1,5,7,3,4 5240
0,0,1,0,1,1,1,1,10,5 10000
1,3,0,0,0,0,0,0,0,0 10000
0,0,0,0,0,1,11,5,3,11 5040
0,0,1,0,6,3,5,7,0,2 10000
1,1,0,0,0,0,0,0,0,0 10000
0,0,0,1,4,1,4,6,4,2 4950
0,0,0,0,2,2,5,3,3,5 6110
0,1,2,3,1,2,0,0,0,0 10000
0,0,0,0,1,0,5,10,5,4 4520
0,0,4,4,0,3,1,1,0,0 10000
0,0,0,0,0,0,0,1,13,8 5520
1,0,2,0,1,4,0,0,0,0 10000
0,0,2,0,1,2,3,1,11,6 10000
0,0,1,4,4,2,3,0,0,1 10000
0,1,0,0,0,3,4,2,0,5 0
0,0,2,0,5,0,2,5,5,10 10000
0,0,0,0,0,0,1,0,12,8 5669
0,0,0,0,0,2,3,2,8,15 3750
0,0,2,2,1,0,0,0,0,0 10000
0,0,0,0,0,0,2,6,9,10 4460
0,0,1,1,3,2,5,2,5,2 10000
0,0,0,0,2,2,6,8,11,5 5570
0,0,0,1,0,2,9,4,4,6 7050
0,0,2,0,0,0,0,0,0,0 10000
0,0,0,3,4,0,3,3,2,1 0
0,0,0,0,0,0,0,5,12,14 4280
0,0,0,0,4,1,4,3,6,6 6420
0,0,0,0,0,1,3,3,4,8 5090
0,0,2,1,0,3,0,2,0,1 10000
0,0,0,0,0,0,0,1,11,12 5019
0,0,1,1,0,0,0,1,0,0 10000
2,1,0,0,0,0,0,0,0,0 0
0,0,0,0,0,3,7,5,4,4 4830
1,0,0,2,1,6,1,2,0,0 10000
0,0,0,0,0,2,5,0,11,9 4570
0,0,0,3,1,6,4,1,1,3 0
0,0,0,0,0,0,0,0,5,8 5120
0,0,0,0,3,5,10,2,1,3 5560
2,0,0,0,0,0,0,0,0,0 10000
0,0,0,0,0,0,3,2,10,13 5200
0,0,0,0,0,0,4,3,9,12 4990
0,0,0,0,0,0,0,3,16,11 4900
0,0,3,1,1,4,2,2,1,0 10000
0,0,0,2,1,3,2,8,4,0 3170
0,0,0,0,0,0,2,0,10,11 5370
0,0,0,2,0,1,1,0,1,0 5070
0,0,0,1,4,2,1,1,2,3 5740
0,0,0,2,2,1,4,3,3,5 5000
0,0,0,0,1,2,4,2,10,4 6170
0,0,0,0,0,0,4,4,12,9 5299
0,0,1,4,5,0,1,0,1,1 10000
0,0,0,0,0,0,1,0,11,7 5540
0,0,1,0,3,0,2,4,0,2 10000
1,1,2,2,3,0,0,0,0,0 10000
0,0,1,1,0,5,2,1,1,0 10000
0,0,0,0,0,0,0,0,0,0 5000
0,0,0,0,0,0,5,3,11,16 5200
0,0,0,4,2,0,3,2,4,1 0
0,0,0,0,0,0,0,0,5,6 4510
1,0,0,0,0,1,0,0,0,0 10000
0,0,0,0,1,0,6,5,10,11 4910
3,1,0,0,0,0,0,0,0,0 0
0,0,2,0,1,2,4,5,8,5 10000
1,0,0,1,0,0,11,5,6,6 10000
0,0,0,0,0,0,1,0,14,10 5299
0,0,2,1,4,3,7,7,7,1 10000
0,0,0,0,0,3,8,6,5,7 4420
0,0,0,0,1,0,5,5,17,3 6700
0,0,1,4,2,3,0,0,0,0 10000
0,0,0,3,4,0,2,0,0,0 0
1,0,0,1,0,1,3,2,1,1 10000
0,0,1,0,3,7,0,5,7,5 10000
0,0,0,3,5,2,7,1,2,3 0
0,0,0,0,0,0,0,0,5,8 4740
0,0,0,0,3,5,4,3,9,3 6409
0,0,0,0,3,4,7,5,6,8 6200
2,1,0,1,0,2,0,1,0,0 10000
0,0,0,0,6,1,7,5,2,6 7930
0,0,0,0,1,0,0,1,3,3 5010
0,0,1,1,1,0,0,1,0,0 10000
0,0,0,0,0,0,0,0,5,3 5389
1,1,1,0,1,1,1,1,0,0 0
0,0,1,0,4,2,2,2,1,1 10000
0,0,3,2,3,5,2,3,4,4 10000
0,0,0,0,1,0,4,4,7,9 5240
0,0,0,0,0,1,4,3,13,13 5190
0,0,3,1,4,1,4,6,0,0 10000
0,0,0,0,1,0,6,3,7,15 5150
0,0,0,0,0,0,3,5,12,5 5250
0,0,0,1,3,1,5,4,2,4 6570
1,0,1,0,3,1,7,4,8,1 10000
0,0,1,2,1,3,2,3,2,1 10000
0,0,1,0,0,1,1,2,2,3 10000
0,0,2,0,2,0,4,4,5,9 10000
0,0,0,0,2,4,5,4,4,5 5380
0,0,3,1,1,1,0,0,0,1 10000
0,0,0,0,1,1,2,4,19,5 5770
0,0,0,0,1,0,2,3,10,5 5720
0,0,1,2,6,2,4,4,2,2 10000
0,0,0,0,0,0,0,0,0,0 5070
0,0,0,0,1,0,1,1,0,1 5180
0,0,0,0,1,1,4,2,16,6 6250
0,0,1,0,1,2,3,7,7,13 10000
0,0,1,0,0,1,4,7,11,9 10000
0,0,0,1,1,1,6,6,6,5 4440
0,0,0,1,1,2,1,1,2,5 4950
0,0,0,0,0,0,1,0,10,9 5350
1,1,2,0,0,0,1,0,0,0 10000
0,0,0,0,1,2,2,4,17,6 4560
0,0,1,2,1,2,1,1,1,5 10000
0,0,0,0,0,0,6,6,15,14 5389
0,0,0,0,0,1,6,2,11,8 5710
0,0,0,0,0,0,4,3,11,21 4580
1,1,1,5,2,0,0,0,0,0 10000
0,0,0,1,0,1,2,5,8,0 4920
0,0,0,0,0,0,2,6,17,13 5010
0,0,1,0,1,3,3,5,6,1 10000
1,0,0,3,2,0,1,0,0,0 10000
0,0,0,0,1,0,1,0,0,0 5000
0,0,1,0,3,9,5,3,2,4 10000
0,0,0,0,0,0,0,0,0,0 5140
0,0,3,0,2,0,0,3,3,3 10000
0,0,0,0,0,0,0,0,4,4 5270
0,0,2,1,3,1,2,4,0,6 10000
0,0,0,0,1,2,0,0,0,0 4390
0,0,0,0,0,0,0,0,13,13 5090
0,0,0,0,0,0,0,0,9,4 5420
0,0,0,2,0,2,0,0,2,0 5000
0,1,2,0,3,0,1,2,1,2 0
0,0,0,0,3,4,9,3,2,4 4850
0,0,0,2,0,5,8,2,1,1 4570
0,0,0,0,0,0,0,2,6,16 4270
0,0,0,0,1,2,2,2,1,2 4980
0,1,1,1,3,1,2,0,0,0 0
3,0,0,0,0,0,0,0,0,0 10000
0,0,0,0,0,0,0,0,0,0 5000
0,0,3,0,0,5,2,9,2,4 10000
0,0,0,0,0,0,0,0,10,10 5150
0,0,0,0,1,2,1,1,0,2 3920
0,0,0,0,0,0,2,0,11,15 5060
0,0,0,0,3,1,3,3,1,4 6610
0,0,0,1,1,3,4,3,8,4 6560
0,0,0,0,0,0,0,2,9,9 4970
0,0,0,0,0,0,2,0,9,17 4660
0,0,0,1,4,3,0,3,2,7 3600
0,2,1,0,2,3,1,0,0,0 0
0,0,0,0,0,0,3,4,18,10 5590
0,0,1,0,4,1,3,4,2,2 10000
0,0,0,0,0,0,2,4,19,13 5360
0,0,1,0,1,1,0,0,1,2 10000
0,0,0,0,0,0,0,0,15,11 5529
2,1,1,1,5,0,1,0,0,0 10000
0,0,0,0,0,2,4,5,10,11 3740
0,0,0,0,0,0,1,4,13,8 5260
0,0,1,1,0,1,0,0,0,0 10000
2,0,0,0,1,0,0,0,0,0 10000
2,0,0,0,1,1,3,1,0,0 10000
0,0,0,0,0,0,1,1,10,13 5019
0,0,0,0,0,0,3,4,13,8 5290
0,0,0,0,0,0,2,5,10,13 4680
0,0,0,1,1,2,3,4,2,5 4760
0,0,0,4,0,0,1,1,0,0 0
2,1,1,0,4,0,0,0,0,0 0
1,0,0,0,0,0,0,0,0,0 10000
1,0,0,3,0,0,0,0,0,0 10000
0,0,0,0,0,0,0,0,7,7 5130
0,0,0,0,0,1,4,5,12,9 5200
0,0,0,0,0,0,0,0,0,0 5350
1,1,1,3,1,0,0,0,0,0 10000
0,0,0,0,4,4,1,1,0,2 4420
3,1,2,0,3,3,0,0,0,0 10000
0,0,0,0,0,0,0,0,0,0 5000
1,0,0,0,5,4,1,0,0,0 10000
0,0,1,2,3,1,4,2,3,4 10000
0,0,0,0,0,2,2,6,11,17 3420
0,0,0,0,1,0,8,8,8,4 5510
0,0,1,0,2,1,3,2,0,0 10000
0,2,0,4,0,0,0,0,0,0 0
0,0,0,0,2,0,6,6,15,12 6720
0,0,0,0,0,0,2,2,15,10 5230
0,0,4,0,3,2,1,3,1,1 10000
0,0,0,0,0,0,0,2,17,9 5680
0,0,0,0,0,0,2,2,14,9 5550
2,0,0,0,0,2,0,1,0,0 10000
0,0,0,0,0,0,3,1,10,10 4930
0,0,0,0,0,0,0,0,0,0 5190
1,1,1,1,0,0,0,0,0,0 10000
0,0,0,0,1,0,1,0,0,0 5000
0,0,1,0,0,0,2,1,0,1 10000
0,0,0,0,1,1,6,2,8,7 5960
0,0,0,0,3,1,5,8,7,2 5310
0,0,1,0,6,0,3,2,3,10 10000
1,0,0,0,1,3,3,2,0,0 10000
0,0,0,0,0,0,6,5,9,6 5680
0,0,1,1,2,3,4,3,6,3 10000
0,0,0,0,0,0,0,0,6,5 5100
0,0,0,0,3,1,2,2,0,1 5630
0,0,1,0,5,4,5,6,0,0 10000
0,0,1,2,4,3,3,1,0,0 10000
0,1,4,2,2,1,0,1,0,0 10000
0,0,0,0,3,3,12,4,11,2 7120
0,0,3,1,3,3,1,3,0,1 10000
0,0,0,0,0,0,0,0,7,5 5450
0,0,0,2,2,2,5,0,1,1 6660
0,0,0,0,0,4,4,11,7,3 3089
0,0,0,0,1,0,3,6,7,13 4390
2,0,1,0,0,0,0,0,0,0 10000
2,0,1,1,2,1,0,0,0,0 10000
0,1,2,1,2,4,3,3,4,2 10000
0,0,0,1,3,2,7,5,8,5 6070
0,0,2,0,0,0,0,1,0,0 10000
1,0,4,3,1,4,1,0,0,0 10000
0,0,1,1,1,1,1,1,0,2 10000
1,0,2,0,2,0,7,6,6,5 10000
0,0,3,0,1,0,1,0,0,0 10000
1,0,0,0,2,3,1,4,3,10 10000
0,1,0,0,0,0,0,0,0,0 0
0,0,0,0,0,0,4,5,22,8 5840
1,0,1,2,2,4,0,0,0,0 10000
0,0,0,0,5,2,3,5,0,0 4640
0,0,0,0,0,0,8,5,6,12 4940
1,3,1,0,0,0,0,0,0,0 0
0,2,0,2,0,1,0,0,0,0 0
1,0,3,2,0,0,0,0,0,0 10000
0,0,0,0,2,2,4,3,0,0 5680
0,0,0,0,0,0,5,2,9,10 5320
0,0,0,0,0,0,9,7,21,7 6340
0,0,0,0,0,0,0,0,10,6 5580
0,0,0,0,0,0,0,0,16,14 5550
0,0,0,0,0,0,0,0,0,0 5030
1,0,2,2,3,3,0,0,0,0 10000
1,0,1,0,2,2,3,1,2,2 10000
0,0,0,1,0,1,9,10,7,4 5360
1,1,4,0,1,1,2,3,0,0 10000
0,0,0,0,0,0,2,0,13,11 5490
0,0,0,0,2,0,7,2,3,7 5400
0,0,0,0,0,0,0,0,0,0 5010
0,3,0,0,0,0,0,0,0,0 0
1,1,0,2,1,1,0,0,0,0 10000
0,0,0,0,0,1,7,4,5,11 5380
0,0,0,0,0,4,5,1,1,0 3650
2,0,0,0,0,0,0,0,0,0 10000
1,0,0,0,2,0,4,1,0,3 10000
1,1,2,2,1,3,0,1,0,0 0
0,0,4,1,2,3,1,1,0,0 10000
0,0,0,0,0,3,3,1,13,18 3890
1,0,2,2,4,4,5,2,3,2 10000
2,1,0,0,0,0,0,0,0,0 10000
0,0,0,2,2,7,1,5,6,5 0
0,0,1,0,1,0,0,0,0,0 10000
0,0,0,0,0,0,9,2,10,10 6810
0,1,0,1,0,0,2,0,11,21 0
0,0,0,1,2,1,3,5,1,0 5740
0,0,0,0,0,3,8,4,12,15 5040
0,0,1,2,2,3,0,0,0,0 10000
0,0,1,0,3,2,4,5,7,6 10000
0,0,0,0,0,0,0,0,8,8 5280
0,0,0,0,0,0,2,0,7,12 5060
4,2,2,0,0,0,0,0,0,0 10000
0,0,0,0,0,0,0,0,7,7 5150
0,0,0,0,0,0,0,0,10,4 5350
1,0,2,2,1,0,0,0,0,0 10000
0,0,0,0,3,1,8,6,12,10 6670
1,1,1,1,2,1,2,0,0,0 0
0,0,0,0,1,3,5,12,6,6 3800
0,0,0,0,3,1,4,1,1,3 7080
0,1,0,1,1,1,1,2,0,0 0
0,0,0,0,0,0,0,2,15,7 5370
0,2,2,0,2,3,0,0,0,0 0
0,0,0,0,1,3,1,3,9,15 2520
0,0,0,0,3,0,3,4,7,6 6220
2,0,0,0,0,0,0,0,0,0 10000
0,0,0,0,0,0,1,0,9,9 5220
0,0,1,0,4,3,0,1,3,2 10000
0,0,2,0,2,1,0,4,0,3 10000
1,1,0,0,1,0,4,6,2,4 0
3,1,0,0,0,0,0,0,0,0 10000
0,0,0,4,0,3,0,1,0,0 0
0,0,3,1,4,2,3,1,0,0 10000
0,0,0,2,1,4,4,2,4,1 0
3,1,0,0,0,0,0,0,0,0 10000
0,0,1,1,3,4,2,3,3,0 10000
0,0,0,1,2,2,1,8,3,4 4030
0,0,0,0,0,1,5,6,6,14 4690
0,0,1,2,1,3,0,0,0,0 10000
0,0,0,0,1,4,8,6,6,3 3980
0,0,0,0,0,1,0,8,0,6 3690
0,0,0,0,0,0,2,2,15,16 4940
0,0,0,0,0,0,1,0,17,17 5299
0,0,1,0,1,5,1,3,4,1 10000
0,0,0,0,0,0,0,0,5,7 5130
0,0,0,0,0,0,0,0,5,4 5140
0,0,0,0,0,1,4,3,10,18 4550
0,0,0,0,0,1,2,1,6,13 4650
0,0,1,0,1,2,3,2,1,0 10000
0,0,1,0,2,0,4,12,10,8 10000
0,0,3,1,1,2,2,1,0,0 10000
1,0,0,0,0,0,0,0,0,0 10000
0,0,0,1,1,0,0,0,0,0 5000
0,0,0,4,2,2,1,0,1,0 0
0,0,0,0,0,1,5,5,15,15 5140
0,0,0,0,0,2,3,1,5,7 5030
0,0,0,0,1,0,6,8,9,11 4380
0,0,0,0,0,0,1,0,14,10 5620
0,0,0,0,4,3,5,7,4,1 4510
0,0,0,2,2,2,0,3,0,0 0
0,0,2,0,2,2,2,2,0,0 10000
0,0,0,0,1,3,6,3,10,2 6030
0,0,1,2,0,0,0,0,0,0 10000
0,0,0,0,0,1,4,3,9,12 5090
0,0,0,0,3,2,0,5,4,16 4190
0,0,0,0,0,0,3,6,9,13 4740
0,0,0,0,0,0,0,0,0,0 5280
0,0,0,0,0,4,4,4,8,2 5310
0,0,0,0,3,3,2,2,5,4 5000
1,2,2,0,0,0,0,0,0,0 10000
0,0,0,0,0,0,0,3,10,7 4810
0,2,2,1,2,1,0,2,0,0 10000
0,0,3,1,2,5,4,6,2,2 10000
0,1,0,0,0,0,0,0,0,0 0
1,0,0,0,0,0,0,0,0,0 10000
0,0,0,0,0,1,3,5,8,8 4370
0,0,0,0,0,0,0,0,4,5 5030
0,0,1,0,7,1,3,3,2,4 10000
0,0,1,1,0,1,1,3,1,0 10000
0,0,0,0,3,6,5,10,4,5 2220
0,0,0,0,1,2,2,5,2,8 4120
0,0,0,0,0,0,0,0,3,11 4610
1,0,1,1,2,1,0,2,0,0 10000
1,2,0,1,0,0,0,0,0,0 10000
0,0,0,0,0,0,1,0,12,8 5290
0,0,1,0,4,2,2,4,4,3 10000
0,0,0,0,2,1,3,6,0,2 4840
0,0,0,0,1,0,11,7,2,10 6060
0,0,1,0,1,1,7,4,4,12 10000
0,0,1,3,1,0,0,0,0,0 10000
0,0,0,0,0,0,2,1,17,14 5630
0,0,1,0,3,2,0,0,0,0 10000
0,0,0,0,1,2,6,6,7,5 4990
0,0,0,0,0,0,0,0,6,4 5220
0,0,0,0,1,0,1,0,0,0 5130
0,0,0,0,0,0,1,1,15,15 4970
0,0,2,2,1,0,2,4,0,1 10000
0,0,0,0,0,1,6,1,16,13 5570
0,0,0,0,0,0,3,2,14,7 6070
0,0,1,0,1,3,3,6,4,12 10000
0,0,0,0,0,3,3,2,13,11 4610
0,0,2,1,0,1,0,0,0,0 10000
0,0,0,0,0,0,0,0,4,4 5270
0,0,1,0,3,2,5,8,5,4 10000
0,0,0,1,5,1,2,2,1,1 6430
0,1,2,5,1,1,0,0,0,0 0
0,0,1,1,0,1,0,0,0,0 10000
0,0,2,1,0,0,0,0,0,0 10000
0,0,0,0,0,3,5,5,9,7 4600
1,0,1,0,1,2,3,6,0,1 10000
0,0,0,0,0,0,0,0,4,6 5389
0,0,0,0,0,0,0,0,2,3 5110
0,0,0,0,0,0,0,0,5,7 4840
2,0,1,0,2,0,0,0,0,0 10000
1,1,0,0,0,0,0,0,0,0 10000
0,0,0,0,0,0,0,0,6,3 5380
0,0,0,0,0,0,3,4,11,9 5220
0,0,0,0,1,0,4,3,9,17 4970
0,0,0,0,3,3,3,5,4,3 4330
0,3,0,2,0,0,0,0,0,0 0
0,0,0,0,2,1,5,5,14,13 5389
0,0,0,0,1,0,5,11,13,6 4620
0,0,1,0,4,5,0,5,0,2 10000
0,0,0,0,2,2,3,8,5,5 4310
1,0,1,2,1,4,4,2,3,0 10000
0,0,4,0,1,4,1,1,1,1 10000
2,0,1,1,5,3,1,0,0,0 10000
0,0,0,1,3,3,2,2,0,2 5000
1,1,0,3,1,0,2,4,0,1 10000
1,0,1,0,2,1,7,5,10,5 10000
0,0,2,1,1,2,0,0,0,0 10000
0,0,2,1,0,0,0,0,0,0 10000
0,0,1,4,4,3,1,0,0,0 10000
0,0,0,0,0,1,6,3,19,9 5970
1,0,0,2,2,4,3,1,0,1 10000
0,0,0,0,2,3,7,5,7,5 5520
0,0,0,0,1,0,8,4,11,7 6160
0,2,0,0,0,0,0,0,0,0 0
0,0,3,2,5,1,4,1,0,1 10000
0,0,0,0,1,2,8,8,15,5 5950
0,0,0,0,3,2,6,6,10,8 5860
0,0,0,0,0,0,2,3,11,10 5389
1,1,0,2,0,0,2,0,0,0 0
0,0,2,2,3,3,1,2,0,0 10000
0,0,4,0,2,1,2,3,4,1 10000
0,0,1,3,1,4,7,3,4,4 10000
0,0,0,0,0,0,0,2,14,13 4730
0,0,0,0,2,3,4,3,5,4 6420
0,0,0,0,0,0,0,0,7,4 5250
0,0,0,0,0,0,0,0,4,4 4990
0,0,4,0,0,2,0,0,0,0 10000
0,0,0,0,1,3,2,4,13,6 3860
0,0,0,0,0,0,0,0,8,4 5290
0,0,0,0,0,0,0,3,13,18 4290
1,4,1,0,0,0,0,0,0,0 0
0,0,0,0,0,0,0,1,8,7 5110
0,0,0,0,2,3,10,4,13,1 5310
0,2,0,1,1,0,0,0,0,0 0
0,0,1,0,1,0,4,6,4,7 10000
4,0,0,0,0,0,0,0,0,0 10000
1,0,0,0,0,5,0,0,0,0 10000
0,4,0,0,0,0,0,0,0,0 0
2,3,0,0,0,0,0,0,0,0 0
0,0,0,0,0,0,0,1,12,7 5389
0,0,1,0,1,2,6,3,1,3 10000
0,0,0,0,0,1,0,0,0,0 5000
0,0,0,0,2,2,12,4,9,4 6620
0,0,0,0,0,0,3,4,16,8 5250
2,0,2,1,0,4,1,1,0,0 10000
0,0,1,0,0,4,3,5,10,0 10000
0,0,1,1,2,0,4,3,1,5 10000
0,0,0,0,0,3,5,7,11,4 4430
0,0,0,0,2,0,5,6,4,6 5110
0,1,0,0,0,0,0,0,0,0 0
0,0,0,0,3,0,7,4,16,11 6760
1,0,1,0,1,2,0,0,1,0 10000
0,0,0,0,0,0,3,3,12,4 5580
0,0,0,0,0,0,1,4,10,8 5080
0,0,1,4,1,5,7,0,4,1 10000
0,0,0,2,0,6,5,2,3,7 0
0,0,0,0,0,0,0,0,9,8 5000
0,0,0,0,0,0,1,2,10,12 4900
0,0,0,0,0,2,5,7,11,7 3920
0,0,2,1,2,2,6,4,2,6 10000
0,0,0,1,1,3,0,9,0,1 3490
0,1,1,2,2,2,0,0,0,0 10000
0,0,1,0,5,3,4,0,2,3 10000
2,0,0,0,0,0,0,0,0,0 10000
0,0,0,1,6,1,5,4,1,2 6330
0,0,1,0,1,2,0,0,0,0 10000
0,0,0,0,1,1,6,5,13,8 5540
0,1,0,0,0,0,0,0,0,0 0
0,0,0,0,0,0,0,0,6,19 4130
0,0,0,0,0,0,1,2,13,8 5410
0,0,0,0,0,0,7,2,9,24 4690
2,1,0,2,0,0,0,0,0,0 10000
0,0,0,0,1,1,6,7,16,2 6470
0,0,0,0,0,0,1,1,8,10 4870
0,0,1,0,5,3,4,5,2,3 10000
0,0,1,2,3,2,2,2,0,0 10000
0,0,0,0,0,0,0,0,8,3 5320
0,0,0,0,0,0,8,4,10,17 5370
0,0,0,0,0,1,11,1,9,7 6200
0,0,0,3,0,4,1,1,0,0 0
0,0,0,0,0,0,0,0,4,6 5050
1,3,7,1,1,0,1,1,1,0 10000
0,0,2,1,1,1,4,2,1,1 10000
0,0,0,0,4,3,4,3,3,1 5790
0,0,0,0,0,1,1,3,7,8 4750
0,2,0,1,6,4,4,0,2,0 0
0,0,0,0,0,0,6,3,9,4 5809
0,2,1,2,0,0,0,0,0,0 0
0,3,2,3,0,0,0,0,0,0 0
0,0,2,3,3,1,0,0,0,0 10000
0,0,0,0,2,0,3,2,12,18 5860
0,0,0,1,3,4,2,3,5,3 4070
1,3,0,2,0,0,0,0,0,0 0
0,0,0,0,0,0,0,0,2,3 5150
0,0,0,0,0,0,3,2,15,6 6120
0,0,0,0,1,3,5,3,8,7 4900
0,0,0,0,0,1,0,1,10,15 4500
0,0,1,0,2,0,7,2,6,5 10000
0,0,0,0,3,5,0,9,4,3 4110
0,0,0,1,2,3,3,4,5,3 2810
2,0,0,0,0,0,0,0,0,0 10000
0,0,0,0,0,1,4,5,8,6 5120
0,0,0,1,4,0,4,2,4,4 10000
2,3,0,0,0,0,0,0,0,0 0
0,0,0,0,0,0,0,0,0,0 5280
1,1,0,1,3,3,2,0,0,0 10000
0,0,0,0,0,0,0,0,7,5 5250
0,0,0,0,1,2,10,3,5,11 5360
0,0,0,0,0,2,4,5,4,6 4160
0,0,0,0,1,0,6,6,13,8 5640
1,0,0,1,3,2,0,2,0,0 10000
0,1,3,1,1,1,1,2,0,0 10000
2,0,1,0,0,1,1,0,0,0 10000
1,1,2,1,0,0,1,0,2,0 10000
0,0,0,0,0,0,2,0,12,13 5430
0,1,0,1,0,0,1,0,0,0 0
1,0,0,4,2,2,3,3,0,1 10000
0,0,2,2,5,2,0,1,0,0 10000
0,0,0,0,0,0,2,0,12,10 5360
0,0,0,0,0,0,2,5,11,12 4660
0,0,0,2,6,2,5,7,2,2 0
0,0,0,1,0,2,12,6,4,6 6470
0,0,0,0,3,2,5,7,7,5 6250
0,0,2,0,0,0,4,6,0,4 10000
0,0,0,0,0,0,0,0,12,9 5230
0,0,0,0,0,1,10,4,8,9 5759
0,0,3,0,1,0,0,3,0,0 10000
0,0,0,0,1,2,8,3,6,3 5790
0,1,0,0,0,0,0,0,0,0 0
0,0,0,1,2,1,2,0,0,1 5720
0,0,1,1,2,0,4,4,1,6 10000
0,0,0,0,1,1,7,4,2,0 5880
1,0,2,3,2,3,2,0,1,0 10000
0,0,0,0,0,1,7,5,12,7 5730
0,0,0,0,0,0,0,0,9,11 5210
0,0,0,0,0,0,4,5,13,9 5140
0,0,0,0,0,0,4,4,13,10 4910
1,0,3,5,1,1,0,0,0,0 10000
0,0,0,0,0,0,2,1,12,12 5650
0,4,0,0,0,0,0,0,0,0 0
0,0,0,0,0,0,2,3,15,12 5180
0,0,0,0,0,5,6,9,2,3 3710
0,0,0,0,0,0,0,4,14,14 4690
0,0,0,0,0,0,4,2,15,15 5540
0,0,0,0,2,2,2,1,1,1 5200
0,0,0,2,0,4,7,3,4,2 0
0,0,0,0,0,2,11,8,7,6 5110
0,1,4,2,1,0,1,4,2,1 0
0,0,0,0,0,0,0,1,21,11 5610
0,0,0,0,1,1,6,5,4,8 3840
0,0,0,0,3,3,5,4,3,2 5790
0,0,1,0,0,0,5,8,3,3 10000
0,1,3,1,3,4,1,3,0,3 10000
0,0,3,0,5,1,5,5,2,4 10000
0,0,2,5,1,0,0,0,0,0 10000
1,1,0,1,1,0,0,0,0,0 0
0,0,0,1,3,0,3,0,2,5 5080
0,0,0,0,0,1,1,2,4,3 4810
0,0,0,1,1,0,0,1,0,1 5000
0,0,0,0,0,0,0,3,10,12 4710
0,0,0,0,1,3,6,1,2,0 5790
0,0,1,1,4,5,2,2,0,0 10000
0,2,0,0,0,0,0,0,0,0 0
1,0,0,6,0,1,1,0,0,0 10000
1,2,2,1,0,0,0,0,0,0 0
0,0,0,0,1,0,2,1,15,10 5680
0,0,0,0,1,0,5,1,16,18 6240
4,0,0,0,0,0,0,0,0,0 10000
0,0,0,2,1,4,4,5,8,7 0
0,0,0,0,0,0,4,5,16,11 5250
0,0,0,2,0,2,0,0,0,2 0
2,0,2,3,0,0,0,0,0,0 10000
1,0,2,0,3,2,1,1,3,0 10000
0,0,1,0,0,1,3,1,8,9 10000
0,0,1,0,1,1,9,6,3,2 10000
0,1,0,0,3,1,7,3,1,4 0
0,0,0,0,0,0,3,2,11,11 5450
0,0,2,2,3,0,1,1,0,1 10000
0,0,0,2,0,1,0,2,0,1 0
0,4,2,0,0,0,0,0,0,0 10000
0,0,0,0,2,0,6,5,10,11 5660
0,0,0,0,0,0,0,2,11,8 5230
0,0,0,0,1,2,8,5,7,14 5130
1,0,1,1,3,4,3,1,5,3 10000
3,2,1,2,0,0,0,0,0,0 10000
0,0,0,1,4,7,4,4,2,8 4250
0,0,1,0,2,2,3,3,1,1 10000
0,0,0,0,2,3,8,2,10,11 6220
0,0,0,0,0,0,0,0,15,17 5159
0,0,0,0,0,0,0,0,5,6 5150
0,0,0,0,2,2,4,2,1,5 4610
0,0,2,0,4,3,0,2,1,0 10000
0,0,0,0,2,0,5,3,5,6 5710
2,2,0,1,1,1,0,0,1,0 10000
0,0,0,0,2,1,5,3,9,16 5710
4,0,0,0,0,0,0,0,0,0 10000
0,0,0,0,0,0,4,4,9,11 5430
0,0,0,2,2,3,5,4,5,6 0
0,0,0,0,2,1,5,7,12,6 4720
0,0,0,0,1,0,3,7,8,5 4370
0,0,5,0,5,0,3,3,0,2 10000
0,1,1,0,0,0,0,0,0,0 0
0,3,1,1,0,0,0,0,0,0 10000
0,2,1,4,3,3,0,0,0,0 0
2,0,0,0,0,0,0,0,0,0 10000
0,0,0,0,0,0,0,0,10,5 5190
0,0,0,0,1,0,2,10,10,7 4240
0,0,0,0,0,4,4,6,6,17 2990
0,0,0,3,5,7,5,2,2,1 0
0,1,1,3,3,4,4,0,1,0 10000
0,1,0,3,0,0,4,1,0,1 0
0,0,0,0,1,0,5,2,6,21 4860
0,0,0,0,0,0,1,7,12,12 4170
2,3,0,2,0,1,0,0,0,0 10000
5,1,1,1,0,0,0,0,0,0 10000
0,0,0,0,4,5,7,7,6,0 5240
0,0,0,0,0,0,9,1,11,10 6680
0,0,0,1,4,2,3,3,1,1 6409
0,0,0,0,1,1,5,0,4,13 5140
0,1,2,4,1,0,1,0,0,1 0
0,0,0,0,0,1,4,5,1,10 4240
0,0,0,0,0,0,8,4,14,14 5610
0,0,0,0,1,2,4,4,13,8 4470
0,0,0,0,3,0,3,6,2,1 5389
0,0,1,1,3,4,0,3,0,0 10000
0,0,0,0,1,0,3,4,15,12 4890
1,1,1,0,0,0,0,0,0,0 10000
1,0,3,0,5,2,6,3,3,1 10000
1,0,0,1,7,1,1,2,5,0 10000
0,0,0,1,5,2,2,4,8,5 6210
0,0,0,0,0,0,6,3,8,18 4900
0,0,3,0,0,3,0,0,0,0 10000
0,0,0,0,0,0,0,2,16,3 5500
0,0,0,0,1,0,5,4,18,13 6250
0,0,0,0,0,0,1,2,10,7 4950
0,0,0,0,2,0,6,4,9,9 6500
0,2,1,1,2,2,0,0,0,0 0
0,0,0,0,0,1,6,2,16,11 5980
0,0,0,0,2,0,2,6,8,12 4510
0,0,0,0,0,0,0,0,14,9 5540
0,0,0,0,0,0,0,3,13,10 5480
0,0,0,0,2,0,4,3,1,2 4750
0,0,1,2,3,1,5,5,4,7 10000
0,0,0,0,0,0,0,0,5,4 5220
0,0,0,0,1,0,2,1,10,15 5350
0,0,0,0,0,1,5,6,6,11 4810
0,0,2,2,5,2,1,2,2,3 10000
3,2,0,1,0,0,0,0,0,0 0
0,0,0,0,0,0,1,0,13,15 5180
0,0,0,0,0,0,0,0,13,9 5490
5,1,0,0,0,0,0,0,0,0 10000
0,0,0,1,0,3,5,2,3,6 5180
0,0,0,0,0,0,2,4,15,0 5690
0,0,0,0,0,0,3,2,12,16 5130
0,0,0,0,2,1,9,2,8,8 6450
1,0,1,0,2,3,3,3,0,0 10000
0,0,1,0,1,1,0,0,0,0 10000
0,0,0,0,0,0,0,2,7,11 4730
0,0,0,0,0,0,1,0,11,9 5150
1,1,1,4,0,0,0,0,0,0 0
0,0,0,0,5,4,3,7,2,5 4780
0,0,0,0,0,0,5,2,11,14 5590
1,0,1,1,0,2,2,1,11,9 10000
0,0,0,0,0,0,3,1,14,11 5710
0,0,0,0,1,1,4,4,8,13 5040
1,0,2,1,3,1,2,3,1,0 10000
2,2,1,1,0,0,0,0,0,0 10000
0,0,0,0,0,0,6,7,8,10 4700
0,0,0,0,0,0,0,3,17,8 5140
0,0,0,0,1,3,6,9,4,6 3480
0,0,1,1,2,0,1,2,1,0 10000
0,0,0,0,5,2,0,0,0,0 5000
0,0,0,0,0,0,0,0,0,0 5110
0,0,0,0,0,0,0,0,16,11 5690
0,0,0,1,3,3,2,3,4,2 4230
0,0,0,2,0,3,0,0,0,0 0
1,2,2,0,0,1,0,0,0,0 10000
0,0,0,0,0,1,6,2,8,12 5210
0,0,0,0,0,0,3,1,16,9 6220
0,0,0,0,0,3,3,0,17,7 4110
0,2,0,1,1,1,1,0,0,0 0
0,0,1,0,2,0,2,7,8,16 10000
0,2,0,2,0,1,3,0,0,0 0
1,0,0,0,1,3,2,4,2,0 10000
0,0,0,0,0,0,1,1,11,10 5389
0,0,0,2,1,8,6,0,3,3 2600
0,0,0,0,0,2,9,6,4,7 4300
0,0,1,1,5,2,2,1,2,3 10000
0,0,0,0,0,0,0,0,0,0 5000
0,1,0,1,0,0,0,0,0,0 0
0,0,0,0,2,1,1,4,10,14 5410
0,0,0,0,0,5,0,6,0,1 4060
0,2,0,3,0,0,0,1,0,0 0
0,4,2,1,3,1,1,1,0,0 10000
0,0,0,0,0,0,0,1,15,11 5490
0,0,0,0,0,0,3,3,11,8 5380
0,0,0,0,0,0,0,1,12,18 4510
0,0,0,0,4,2,7,5,3,9 5130
0,0,0,0,0,0,2,0,12,9 5460
0,0,1,0,3,5,10,4,11,5 10000
0,0,0,2,0,2,0,0,0,0 5000
0,0,0,0,0,0,3,2,10,13 5460
0,1,1,1,0,2,0,3,0,0 10000
1,0,0,2,1,2,0,0,0,0 10000
0,0,0,0,1,5,7,5,14,6 3240
0,0,0,0,0,0,6,4,10,13 5430
0,0,1,4,2,2,3,5,4,1 10000
0,0,3,1,4,1,1,6,0,1 10000
1,0,3,3,0,0,0,0,0,0 10000
0,0,0,0,5,2,1,5,9,2 5790
0,0,0,0,0,0,0,0,7,12 4750
1,0,1,0,0,0,0,0,0,0 10000
0,0,0,0,2,3,6,0,3,0 6740
1,0,0,0,0,2,5,4,5,5 10000
0,0,1,1,1,4,3,0,0,0 10000
0,0,0,0,2,1,5,6,9,9 6269
0,0,0,0,0,0,3,3,14,16 5290
0,0,0,0,1,0,5,5,0,2 5520
0,0,0,0,0,0,4,1,11,14 5120
0,0,0,0,3,3,5,7,6,3 5490
0,0,1,0,0,3,3,6,3,2 10000
0,0,1,0,0,0,0,0,0,0 10000
2,0,0,1,0,0,0,0,0,0 10000
0,0,0,0,3,0,3,1,9,18 4860
0,0,2,0,1,2,2,7,0,0 10000
0,0,0,3,0,4,1,4,3,0 0
0,0,0,0,3,6,8,7,4,4 5460
1,0,0,0,0,3,0,0,0,0 10000
0,0,0,0,0,0,2,2,16,17 5030
0,0,0,0,0,0,0,0,7,7 5200
0,0,0,0,2,0,1,9,6,9 4980
0,2,0,0,0,0,0,0,0,0 0
0,0,0,0,0,1,7,4,10,10 5800
1,0,2,1,1,1,0,0,0,0 10000
0,0,0,0,0,0,0,3,13,15 4880
0,0,0,0,3,3,9,3,8,4 6770
0,0,0,0,0,0,5,5,8,11 4860
0,0,0,0,2,1,4,3,6,11 6260
0,1,1,1,0,1,0,0,0,0 10000
0,0,0,0,1,0,3,4,9,4 5470
0,0,0,0,0,1,3,3,9,8 5159
0,0,0,0,0,0,4,2,15,15 5620
0,0,2,1,1,0,2,0,0,0 10000
0,0,0,0,0,1,3,5,11,13 4640
0,2,0,0,2,2,4,3,0,1 0
0,0,0,1,3,1,3,9,3,1 4910
0,0,0,0,0,1,3,5,6,5 4550
0,0,2,4,4,6,3,0,1,0 10000
0,0,0,0,0,0,2,0,16,12 5560
0,0,0,0,0,1,5,5,13,9 4900
0,0,0,0,2,2,3,5,6,2 5800
0,0,0,0,1,2,6,3,6,3 6039
0,0,0,1,3,2,2,2,0,4 5299
0,0,0,0,0,0,2,3,12,13 4770
1,2,0,2,0,2,0,0,1,0 0
1,1,1,4,0,1,1,0,0,0 10000
0,0,0,1,2,6,2,8,10,4 3310
0,0,0,1,0,1,7,10,6,6 4830
0,0,0,1,2,1,5,4,2,0 5140
2,0,0,0,0,0,0,0,0,0 10000
0,2,3,0,1,1,2,1,1,1 0
0,0,0,0,0,0,5,5,7,16 4670
0,0,1,0,2,2,3,5,4,4 10000
0,0,0,0,1,0,3,1,13,20 5019
0,0,0,0,4,3,4,6,8,4 4750
0,0,0,0,0,0,0,1,13,12 4960
0,0,0,0,2,0,2,7,20,7 5570
1,1,1,1,0,1,0,0,0,0 10000
0,0,0,0,0,0,2,1,5,14 4900
0,0,0,0,0,2,4,4,7,20 3380
0,0,0,0,4,1,4,3,8,7 6190
0,0,0,0,0,0,9,4,13,9 6170
0,0,0,0,2,4,4,2,7,7 4190
0,0,0,0,1,3,5,5,4,3 4250
0,0,0,0,0,1,4,2,15,11 5740
0,0,1,0,0,3,0,2,0,0 10000
0,0,0,0,1,0,1,3,6,13 4600
0,0,0,0,2,1,2,5,11,15 4160
1,0,0,2,1,1,0,0,0,0 10000
0,0,0,0,0,2,6,5,8,11 4360
0,0,0,0,0,2,3,5,11,16 4210
0,0,0,0,0,0,1,2,17,13 5350
0,0,0,0,4,2,4,6,0,4 3840
0,0,0,0,0,1,6,8,11,2 5050
0,0,0,0,0,2,7,5,6,12 4650
0,0,0,0,0,0,1,2,15,7 5669
0,0,0,0,0,0,0,0,10,4 5450
0,0,0,0,0,0,1,2,10,16 4670
0,0,0,0,0,0,0,0,0,0 5130
0,0,0,0,3,2,7,2,5,2 6630
0,0,0,0,0,0,5,3,11,17 4250
0,0,2,3,3,2,0,0,0,0 10000
0,0,0,0,0,0,2,1,8,12 5170
1,0,0,1,1,2,2,2,0,2 10000
0,0,0,0,1,0,8,10,6,7 5060
0,0,0,0,0,0,5,8,3,10 4790
1,0,2,1,1,6,8,3,7,4 10000
0,0,0,0,0,0,5,4,14,16 5090
0,0,2,3,3,1,2,4,2,0 10000
0,0,1,2,1,8,3,2,2,3 10000
1,1,0,1,0,0,0,0,0,0 0
0,0,0,0,2,1,2,4,12,6 5650
0,0,0,0,0,0,4,5,8,7 4770
0,0,0,0,0,0,1,1,13,22 4470
0,1,3,1,0,0,0,0,0,0 10000
0,0,0,0,0,0,2,1,17,16 5350
0,0,0,0,0,0,8,4,16,12 6100
0,0,1,2,3,1,0,0,0,0 10000
0,1,0,2,0,1,0,2,0,0 0
0,0,1,0,2,3,1,3,1,1 10000
0,0,0,0,0,1,3,4,8,12 4460
0,0,2,0,1,1,1,0,0,0 10000
0,0,0,0,5,0,4,5,2,9 6720
0,0,0,0,1,0,8,3,8,2 5630
0,0,0,1,2,1,7,5,5,9 5560
0,0,0,0,0,0,3,1,14,12 5600
0,0,0,1,1,4,4,8,1,3 3019
1,2,3,1,3,0,1,0,0,0 0
0,0,0,0,1,0,6,7,15,12 5090
0,0,0,0,0,0,0,0,5,4 5280
0,1,1,1,1,1,7,6,4,3 0
0,0,0,0,0,5,7,4,4,5 5600
0,0,0,0,0,1,7,5,9,10 5310
0,0,4,0,2,1,0,1,0,0 10000
0,0,0,1,1,4,2,5,5,9 2820
0,0,4,2,1,2,1,0,1,0 10000
0,0,0,1,7,2,3,3,3,0 6870
0,0,0,0,2,1,4,4,6,9 4860
0,0,3,2,1,1,0,3,0,0 10000
0,0,0,0,0,0,3,0,4,14 5210
0,0,1,0,2,3,1,1,0,1 10000
0,0,0,0,2,1,8,7,7,8 5080
1,0,0,1,1,0,0,0,0,0 10000
0,0,0,0,0,0,2,0,9,10 5389
0,0,0,0,0,0,0,0,11,9 5180
0,0,0,1,3,5,3,3,2,0 5170
0,0,1,0,7,0,4,6,3,4 10000
0,0,1,0,1,2,7,5,5,4 10000
1,0,0,0,0,0,0,0,0,0 10000
0,0,0,0,0,0,2,0,12,11 5640
0,0,1,1,3,3,3,4,4,6 10000
0,0,0,1,0,2,3,4,6,10 4620
0,0,0,0,2,2,4,6,11,11 5490
0,0,0,0,1,0,0,1,0,2 5000
0,1,7,0,1,0,0,0,0,0 0
1,0,1,0,1,2,3,3,2,2 10000
1,1,0,0,0,3,0,1,0,0 10000
0,0,0,0,0,0,1,1,16,12 5400
0,0,0,0,0,0,0,0,7,7 4830
0,1,1,1,3,0,1,0,0,0 0
0,0,1,0,0,3,3,5,2,4 10000
0,1,0,3,0,0,0,0,0,0 0
0,0,0,0,0,0,0,0,4,4 5050
2,2,0,1,0,0,0,0,0,0 10000
0,0,1,1,0,0,0,0,0,0 10000
0,0,0,0,1,0,3,2,10,21 4630
0,0,0,0,1,1,3,4,12,12 4130
0,0,0,0,0,2,1,2,7,5 4710
0,0,0,0,2,2,8,4,10,9 6690
0,1,2,3,3,2,1,0,0,0 10000
0,0,0,1,1,3,1,3,0,0 4960
0,0,0,0,4,1,1,0,0,1 7100
0,0,0,1,1,3,2,3,5,9 4240
0,0,1,0,2,1,1,4,2,3 10000
0,0,0,1,0,1,2,4,6,2 6110
0,0,2,1,1,1,0,0,0,0 10000
0,0,2,0,5,2,2,0,0,0 10000
0,0,3,2,3,3,11,4,5,1 10000
0,0,0,0,0,2,4,3,12,18 5250
0,0,0,0,0,0,0,0,4,2 5299
0,0,0,3,1,2,5,2,0,0 0
0,0,0,0,0,0,2,1,17,13 5720
0,0,0,0,0,0,4,3,20,4 6100
0,0,0,0,0,0,0,0,8,5 5450
3,0,2,1,1,0,1,0,0,0 10000
2,0,0,0,0,0,1,0,0,0 10000
1,0,1,0,2,3,1,2,1,0 10000
0,0,0,0,2,2,4,4,7,8 6990
0,0,0,0,0,0,1,0,13,11 5170
0,0,0,1,7,4,11,2,8,6 6720
0,0,0,0,0,0,2,0,14,15 5440
2,1,0,0,0,0,0,0,0,0 0
0,0,0,0,0,0,5,2,7,16 4860
0,0,0,3,3,3,3,7,2,4 0
0,0,1,2,3,5,5,5,2,0 10000
0,1,0,1,0,2,2,2,2,1 0
1,0,0,0,1,0,0,0,0,1 10000
0,0,0,0,0,0,6,3,9,14 5460
0,0,2,0,1,1,1,5,11,4 10000
0,1,1,0,2,5,3,0,0,0 0
1,0,1,2,1,0,0,0,0,0 10000
1,4,2,1,1,0,0,0,0,0 0
0,2,0,1,0,0,0,0,0,0 0
0,0,0,0,1,0,0,0,0,0 5000
0,3,1,1,0,0,0,2,0,1 0
1,0,1,0,0,0,2,2,0,0 10000
0,0,0,0,0,0,0,0,7,8 5120
0,0,0,0,3,1,8,4,3,1 6919
0,0,0,0,0,0,6,3,15,10 6090
0,0,0,0,1,2,8,3,7,13 3660
0,0,0,0,2,1,3,4,15,12 6380
0,1,0,2,6,4,3,0,1,0 0
0,0,0,0,0,0,7,2,11,8 5710
0,0,0,1,1,3,2,6,3,5 3500
0,0,2,1,3,2,2,3,1,2 10000
0,0,0,0,2,0,3,5,16,9 6050
0,0,0,0,0,0,0,0,0,0 5000
0,0,0,0,3,4,1,3,5,8 4150
0,0,1,4,5,2,0,0,0,0 10000
1,0,2,0,1,0,0,0,0,0 10000
0,0,1,4,1,2,2,0,1,1 10000
0,0,0,0,1,0,8,2,15,16 6280
0,0,0,0,1,0,2,1,10,16 4910
0,0,1,1,3,1,1,0,0,0 10000
0,0,1,1,1,1,0,0,0,0 10000
0,0,0,4,3,2,1,2,0,0 0
0,0,0,0,0,0,0,0,13,9 5200
1,0,0,0,0,0,0,0,0,0 10000
0,0,0,0,0,0,0,0,9,7 5110
0,0,0,0,3,1,5,3,1,0 6030
0,1,0,0,0,0,0,0,0,0 0
2,1,0,0,0,0,0,0,0,0 10000
0,3,2,0,5,3,3,3,1,1 10000
0,0,0,0,0,0,0,0,11,8 5360
0,0,0,0,0,1,11,5,3,7 5410
0,1,0,0,0,0,0,0,0,0 0
0,0,0,2,1,4,3,2,4,3 3860
0,2,0,1,0,1,0,0,0,0 0
0,0,0,0,2,2,5,9,5,7 4010
0,0,0,0,0,0,3,7,17,7 4960
1,4,0,2,0,0,0,0,0,0 0
0,1,0,0,2,0,0,0,0,0 0
0,0,0,0,2,3,6,9,5,7 3529
0,0,0,0,0,0,0,0,0,0 5370
0,0,0,0,0,1,9,6,4,2 5720
0,0,0,0,0,0,3,5,8,16 4600
0,2,0,1,0,2,0,0,0,0 0
0,0,0,2,2,0,1,0,0,0 0
5,2,1,0,0,0,0,0,0,0 10000
0,1,2,4,3,3,1,2,0,0 10000
0,0,2,0,5,3,2,4,0,2 10000
0,0,1,1,4,2,3,6,2,2 10000
2,1,0,1,0,0,0,0,0,0 10000
0,0,0,0,0,0,3,8,8,9 4500
0,0,4,2,2,0,0,1,0,0 10000
0,0,0,0,0,0,5,5,7,7 5230
0,0,0,0,0,0,2,3,6,9 5220
1,0,0,0,0,1,0,2,0,0 10000
0,0,0,0,2,0,3,7,6,2 5830
0,0,0,0,2,0,5,2,11,11 6639
0,0,0,0,1,0,2,7,9,14 4480
0,0,0,0,0,0,1,0,10,16 4700
0,0,0,0,0,0,0,0,0,0 4940
0,0,0,0,0,0,3,3,14,14 5010
0,0,0,0,0,1,0,2,18,6 5550
0,0,0,0,0,0,5,3,12,11 5520
0,0,0,0,1,5,3,3,11,13 4330
0,0,2,2,3,0,0,1,0,0 10000
0,3,0,0,0,0,0,0,0,0 0
0,0,0,0,1,2,5,3,7,3 5310
0,0,1,2,2,5,3,7,4,3 10000
0,0,0,2,3,6,4,11,2,2 0
0,0,0,0,7,0,2,5,8,7 7440
0,0,0,0,1,2,5,7,6,14 3080
0,0,0,0,0,0,1,2,11,12 4690
2,0,0,0,0,0,0,0,0,0 10000
0,0,0,1,4,2,3,4,0,5 6290
0,0,0,0,0,0,1,0,0,1 5000
0,0,0,0,0,0,0,0,5,8 4910
0,0,0,0,0,0,2,1,11,10 5490
0,0,0,2,0,1,1,0,1,0 0
0,0,0,0,1,0,6,2,13,15 5700
0,2,1,0,0,0,0,0,0,0 0
0,2,1,2,0,1,0,0,0,0 0
0,0,3,2,3,3,0,4,2,0 10000
0,0,0,0,1,0,3,6,17,12 5299
0,0,0,8,0,0,3,0,0,0 0
0,0,2,1,1,1,0,0,0,0 10000
0,0,0,0,0,0,0,0,6,4 5190
0,0,1,2,1,2,4,1,1,1 10000
1,0,2,2,0,0,0,0,0,0 10000
0,0,1,0,3,2,4,2,1,7 10000
0,0,0,0,2,1,2,7,4,7 4190
0,0,0,1,3,0,2,9,0,3 4470
0,0,1,0,4,3,5,2,4,3 10000
1,1,1,0,0,0,0,0,0,0 0
0,0,0,5,2,1,0,0,0,0 0
0,0,0,0,0,0,1,2,14,11 5250
0,0,0,0,1,0,5,5,6,5 5230
0,0,4,0,3,1,0,1,0,0 10000
0,0,0,0,0,0,3,0,14,10 5830
0,0,0,0,3,1,8,2,4,8 6250
0,0,0,0,0,0,0,0,11,9 5380
0,0,0,0,1,0,5,5,8,12 5330
